TEC10V30E_As_FE_00001__sum.txt
Energy= 11.504 keV (q < .1), 11.504 keV (q> .1)
exposure= 20 s
 1248
 .00083	 30867.05	 205.9132
 .00249	 31361.59	 409.287
 .00415	 31740.5	 410.4897
 .00582	 31824.54	 399.9431
 .00748	 32126.44	 402.3331
 .00914	 33708.6	 407.8572
 .0108	 34872.09	 453.6437
 .01246	 106700.6	 21083.27
 .01413	 2.866636E+07	 2251579
 .01579	 1.345218E+08	 7371094
 .01745	 1.471715E+08	 6633924
 .01911	 1.262836E+08	 4613464
 .02077	 1.092447E+08	 3327662
 .02243	 9.498466E+07	 2475068
 .0241	 8.333669E+07	 3280035
 .02576	 7.336807E+07	 3439480
 .02742	 6.482874E+07	 3338449
 .02908	 5.739189E+07	 3150847
 .03074	 5.112424E+07	 2950169
 .03241	 4.548946E+07	 2728397
 .03407	 4.044831E+07	 2508135
 .03573	 3.61103E+07	 2306103
 .03739	 3.233559E+07	 2120772
 .03905	 2.891387E+07	 1938223
 .04071	 2.587599E+07	 1767576
 .04238	 2.336534E+07	 1624639
 .04404	 2.122571E+07	 1501320
 .0457	 1.92978E+07	 1383202
 .04736	 1.763214E+07	 1281300
 .04902	 1.612281E+07	 1187039
 .05069	 1.476692E+07	 1099441
 .05235	 1.348765E+07	 1013749
 .05401	 1.243633E+07	 829375.4
 .05567	 1.140908E+07	 698021.8
 .05733	 1.044177E+07	 617033.3
 .059	 9605352	 541962.8
 .06066	 8853268	 468442.2
 .06232	 8170688	 417993.9
 .06398	 7559714	 375377.9
 .06564	 7007897	 338317
 .0673	 6501288	 305402.6
 .06897	 6049032	 277355.7
 .07063	 5625545	 252191.4
 .07229	 5238011	 229997.3
 .07395	 4897541	 210537
 .07561	 4578772	 193511.4
 .07728	 4284278	 177854.4
 .07894	 4015812	 163707.8
 .0806	 3763173	 150625.6
 .08226	 3537689	 139346.8
 .08392	 3324258	 128832.2
 .08558	 3127814	 119491.5
 .08725	 2943188	 111089.3
 .08891	 2775453	 103240.2
 .09057	 2622286	 96105.05
 .09223	 2471732	 89781.91
 .09389	 2336622	 83569.71
 .09556	 2212639	 78141.37
 .09722	 2096267	 73353.32
 .09888	 1986599	 68850.85
 .1047	 1721541	 8561.072
 .11308	 1339894	 5877.699
 .12146	 1058530	 21009.23
 .12983	 852304.1	 31723.3
 .13821	 694559.1	 30715.46
 .14659	 573822.5	 28078.78
 .15496	 478606.4	 25218.83
 .16334	 401994.3	 22370.83
 .17172	 339433.8	 19760.94
 .18009	 288248.7	 17414.85
 .18847	 246553.5	 15390.38
 .19684	 212583.7	 13634.75
 .20522	 184475.5	 12112.44
 .2136	 161523	 10821.36
 .22197	 142408.2	 9733.296
 .23035	 126130.6	 8768.162
 .23873	 112267.8	 7925.967
 .2471	 100465.7	 7193.554
 .25548	 90001.76	 6525.563
 .26385	 80491.22	 5908.029
 .27223	 72858.78	 5127.356
 .28061	 66251.27	 4120.105
 .28898	 59993.95	 3489.813
 .29736	 54483.89	 3093.216
 .30574	 49684.54	 2706.987
 .31411	 45491.24	 2332.457
 .32249	 41788.69	 2073.99
 .33086	 38486.9	 1853.927
 .33924	 35559.73	 1667.609
 .34762	 32943.48	 1509.208
 .35599	 30621.82	 1372.559
 .36437	 28554.75	 1251.382
 .37274	 26683.16	 1148.028
 .38112	 25008.19	 1055.695
 .3895	 23509.8	 975.8478
 .39787	 22135.46	 900.5985
 .40625	 20887.32	 834.7471
 .41462	 19757.72	 779.3705
 .423	 18725.13	 726.9144
 .43138	 17793.09	 681.3541
 .43975	 16936.39	 639.5519
 .44813	 16141.96	 601.0386
 .4565	 15413.74	 565.5958
 .46488	 14756.4	 536.752
 .47325	 14149.69	 506.9859
 .48163	 13583.89	 480.8072
 .49001	 13051.7	 457.6769
 .49838	 12552.51	 434.6015
 .50676	 12105.24	 413.7451
 .51513	 11685.64	 395.5119
 .52351	 11295.28	 378.4673
 .53188	 10925.73	 362.4098
 .54026	 10590.94	 347.6241
 .54864	 10268.62	 334.7769
 .55701	 9962.189	 320.1769
 .56539	 9673.069	 308.6657
 .57376	 9397.347	 297.6894
 .58214	 9144.757	 286.448
 .59051	 8901.102	 276.7501
 .59889	 8667.48	 267.4531
 .60726	 8448.554	 258.7072
 .61564	 8245.654	 249.4708
 .62401	 8039.817	 242.3605
 .63239	 7856.542	 234.9294
 .64077	 7672.746	 227.5853
 .64914	 7498.529	 220.5994
 .65752	 7337.656	 214.0833
 .66589	 7171.768	 208.3536
 .67427	 7017.564	 202.1578
 .68264	 6875.54	 196.3628
 .69102	 6730.693	 190.5214
 .69939	 6597.922	 186.7872
 .70777	 6463.009	 181.3897
 .71614	 6336.992	 176.217
 .72452	 6217.596	 172.1618
 .73289	 6096.538	 168.0583
 .74127	 5975.209	 163.1427
 .74964	 5865.902	 159.453
 .75802	 5761.741	 155.8622
 .76639	 5655.679	 151.5566
 .77477	 5553.948	 148.0935
 .78314	 5454.998	 144.7603
 .79151	 5360.105	 140.8414
 .79989	 5263.526	 138.305
 .80826	 5173.05	 135.2762
 .81664	 5082.644	 132.267
 .82501	 5000.409	 128.7746
 .83339	 4914.221	 125.9189
 .84176	 4837.948	 123.3387
 .85014	 4751.354	 121.1306
 .85851	 4673.672	 117.8726
 .86688	 4599.086	 115.3872
 .87526	 4526.169	 113.5874
 .88363	 4453.008	 110.5433
 .89201	 4381.633	 108.1625
 .90038	 4312.056	 106.4597
 .90876	 4244.293	 103.5826
 .91713	 4176.794	 101.9959
 .9255	 4110.078	 99.79625
 .93388	 4045.762	 97.68931
 .94225	 3982.22	 96.18915
 .95063	 3920.291	 93.57782
 .959	 3859.948	 92.19026
 .96737	 3801.32	 90.82658
 .97575	 3743.594	 88.34082
 .98412	 3685.632	 86.98521
 .99249	 3630.451	 85.19364
 1.00087	 3574.474	 83.92275
 1.00924	 3517.83	 81.52267
 1.01762	 3467.102	 80.41789
 1.02599	 3413.772	 78.70208
 1.03436	 3361.512	 77.49419
 1.04274	 3313.557	 75.92073
 1.05111	 3265.003	 74.82323
 1.05948	 3215.938	 73.24858
 1.06786	 3165.252	 72.14895
 1.07623	 3119.081	 70.11449
 1.0846	 3071.156	 69.05913
 1.09298	 3025.877	 67.62832
 1.10135	 2979.893	 66.13848
 1.10972	 2939.771	 65.26839
 1.11809	 2892.868	 63.84675
 1.12647	 2851.676	 62.96078
 1.13484	 2810.459	 62.08646
 1.14321	 2767.57	 60.73389
 1.15159	 2725.219	 59.80361
 1.15996	 2688.769	 58.62396
 1.16833	 2648.838	 57.78746
 1.1767	 2609.856	 56.53009
 1.18508	 2569.36	 55.30558
 1.19345	 2534.484	 54.55634
 1.20182	 2498.371	 53.39777
 1.21019	 2459.677	 53.03034
 1.21857	 2422.603	 51.83549
 1.22694	 2389.579	 50.76438
 1.23531	 2352.541	 50.03588
 1.24368	 2318.019	 48.95473
 1.25205	 2285.019	 48.25776
 1.26043	 2251.479	 47.60878
 1.2688	 2219.392	 46.61286
 1.27717	 2190.177	 45.63205
 1.28554	 2156.686	 45.30848
 1.29391	 2125.4	 44.30515
 1.30229	 2094.359	 43.33393
 1.31066	 2065.684	 42.78947
 1.31903	 2035.133	 42.17539
 1.3274	 2007.144	 41.26907
 1.33577	 1974.972	 40.64717
 1.34414	 1946.852	 40.10788
 1.35251	 1920.036	 39.2479
 1.36089	 1891.026	 38.69559
 1.36926	 1863.31	 38.17464
 1.37763	 1838.37	 37.36321
 1.386	 1812.517	 37.79296
 1.39437	 1786.318	 36.98891
 1.40274	 1758.943	 35.5643
 1.41111	 1733.405	 35.04418
 1.41948	 1707.95	 34.25838
 1.42785	 1685.079	 33.83413
 1.43622	 1661.724	 33.37363
 1.4446	 1636.066	 32.61718
 1.45297	 1612.228	 32.17615
 1.46134	 1591.019	 31.50193
 1.46971	 1567.9	 31.33387
 1.47808	 1545.584	 30.59935
 1.48645	 1523.246	 30.23024
 1.49482	 1498.67	 29.49398
 1.50319	 1477.368	 29.38949
 1.51156	 1456.537	 40.43394
 1.51993	 1436.766	 44.29948
 1.5283	 1416.537	 46.51092
 1.53667	 1396.143	 48.4058
 1.54504	 1375.094	 49.62676
 1.55341	 1356.458	 50.69164
 1.56178	 1335.539	 51.45464
 1.57015	 1316.675	 52.07134
 1.57852	 1296.54	 52.60757
 1.58689	 1278.506	 53.01831
 1.59525	 1260.942	 53.28463
 1.60362	 1241.712	 53.55553
 1.61199	 1222.289	 53.51897
 1.62036	 1206.138	 53.85127
 1.62873	 1189.408	 53.75878
 1.6371	 1173.007	 53.77595
 1.64547	 1154.352	 53.5905
 1.65384	 1137.39	 53.54794
 1.66221	 1118.833	 47.75211
 1.67058	 1103.578	 45.0042
 1.67894	 1087.117	 43.04435
 1.68731	 1071.373	 41.25121
 1.69568	 1055.123	 39.81414
 1.70405	 1037.782	 38.25899
 1.71242	 1024.441	 37.42621
 1.72079	 1008.16	 36.28186
 1.72915	 994.7117	 35.21633
 1.73752	 981.1766	 34.44244
 1.74589	 965.8124	 33.34216
 1.75426	 950.705	 32.58944
 1.76263	 936.421	 31.82026
 1.77099	 920.8686	 35.04862
 1.77936	 908.2298	 35.61087
 1.78773	 894.268	 35.91883
 1.7961	 882.0569	 36.46704
 1.80446	 867.3176	 36.88011
 1.81283	 854.8392	 37.26899
 1.8212	 842.6456	 37.40245
 1.82957	 831.1024	 37.54809
 1.83793	 818.278	 34.48755
 1.8463	 804.4832	 33.41299
 1.85467	 791.9435	 32.4993
 1.86303	 780.0554	 31.44247
 1.8714	 767.9631	 30.36695
 1.87977	 757.2175	 29.52546
 1.88813	 746.5848	 28.71895
 1.8965	 734.4056	 29.21496
 1.90487	 723.2368	 31.37939
 1.91323	 713.6472	 32.16058
 1.9216	 701.2579	 32.61826
 1.92997	 690.5342	 32.73813
 1.93833	 681.6531	 32.87659
 1.9467	 670.6846	 33.01423
 1.95506	 659.3267	 32.97946
 1.96343	 648.8519	 32.83509
 1.97179	 640.2159	 32.82907
 1.98016	 630.2358	 32.74525
 1.98853	 621.2491	 32.71061
 1.99689	 611.7083	 32.42997
 2.00526	 601.1955	 32.30396
 2.01362	 591.9208	 32.07309
 2.02199	 581.856	 31.77118
 2.03035	 572.1748	 31.58363
 2.03872	 563.6852	 31.33608
 2.04708	 554.6683	 30.47513
 2.05545	 547.0861	 28.21047
 2.06381	 539.416	 27.08369
 2.07218	 530.0938	 25.90668
 2.08054	 520.7896	 24.96262
 2.0889	 512.7493	 24.34826
 2.09727	 503.788	 23.55906
 2.10563	 497.6865	 22.96167
 2.114	 489.2622	 22.29983
 2.12236	 480.3568	 21.71009
 2.13072	 473.5761	 21.2225
 2.13909	 465.9985	 20.7141
 2.14745	 459.0626	 20.17639
 2.15582	 451.0337	 19.76643
 2.16418	 443.247	 19.36466
 2.17254	 436.2407	 18.894
 2.18091	 429.2304	 18.5368
 2.18927	 422.7332	 18.13762
 2.19763	 414.9221	 17.63923
 2.20599	 408.6147	 17.36019
 2.21436	 401.7728	 16.96092
 2.22272	 395.6296	 16.63496
 2.23108	 388.1334	 16.32011
 2.23945	 382.3429	 15.97989
 2.24781	 376.2586	 15.63061
 2.25617	 369.3959	 15.32724
 2.26453	 363.74	 15.09033
 2.27289	 357.4007	 14.73688
 2.28126	 351.9119	 14.45229
 2.28962	 346.2235	 14.1614
 2.29798	 340.3575	 13.88497
 2.30634	 334.3341	 14.7773
 2.3147	 328.7093	 14.94992
 2.32306	 323.5536	 15.20109
 2.33143	 318.0745	 15.29866
 2.33979	 313.3048	 15.29269
 2.34815	 308.2168	 15.34401
 2.35651	 303.5224	 15.25267
 2.36487	 297.4036	 15.18591
 2.37323	 293.0122	 14.30343
 2.38159	 287.974	 13.89958
 2.38995	 283.0044	 13.50638
 2.39831	 278.0269	 13.03074
 2.40667	 273.7233	 12.66345
 2.41503	 268.705	 12.4044
 2.42339	 263.9171	 12.07349
 2.43175	 259.6401	 11.82971
 2.44011	 254.987	 11.63734
 2.44847	 250.4604	 11.4217
 2.45683	 246.3772	 11.22386
 2.46519	 243.1371	 11.07299
 2.47355	 238.7536	 10.87123
 2.48191	 234.5359	 10.60464
 2.49027	 231.0409	 10.45466
 2.49863	 227.0502	 10.23479
 2.50699	 223.4116	 10.08803
 2.51535	 220.074	 9.943725
 2.52371	 215.8187	 9.71097
 2.53207	 211.9261	 9.466663
 2.54042	 208.4364	 9.354185
 2.54878	 205.3736	 9.206167
 2.55714	 201.6297	 9.051771
 2.5655	 198.9528	 8.864065
 2.57386	 196.0305	 8.716331
 2.58222	 192.7903	 8.612461
 2.59057	 189.2522	 8.417589
 2.59893	 186.449	 8.289393
 2.60729	 182.9791	 8.077037
 2.61565	 179.9217	 7.946194
 2.624	 177.3805	 7.776495
 2.63236	 174.6408	 7.611366
 2.64072	 171.424	 7.46001
 2.64908	 168.49	 7.443157
 2.65743	 166.1603	 7.338049
 2.66579	 162.9258	 7.179569
 2.67415	 160.6351	 7.017303
 2.6825	 157.9831	 6.956613
 2.69086	 155.5292	 6.793269
 2.69921	 152.7895	 6.704751
 2.70757	 150.5807	 6.732278
 2.71593	 148.7627	 6.689005
 2.72428	 146.0873	 6.541874
 2.73264	 144.1136	 6.483799
 2.74099	 141.3718	 6.400504
 2.74935	 139.0758	 6.37757
 2.75771	 137.4825	 6.282242
 2.76606	 134.627	 6.10592
 2.77442	 132.6462	 5.966189
 2.78277	 131.0093	 5.928011
 2.79113	 129.2667	 5.810637
 2.79948	 127.0786	 5.695789
 2.80783	 125.0244	 5.632
 2.81619	 123.2039	 5.563753
 2.82454	 121.2285	 5.501401
 2.8329	 119.4428	 5.396828
 2.84125	 117.2883	 5.343033
 2.84961	 116.2725	 5.344633
 2.85796	 114.1858	 5.256018
 2.86631	 112.4688	 5.250896
 2.87467	 110.5546	 5.193305
 2.88302	 109.5642	 5.170403
 2.89137	 107.5387	 5.122607
 2.89973	 105.8655	 5.095814
 2.90808	 104.2889	 5.015254
 2.91643	 102.9681	 4.973691
 2.92479	 101.3491	 4.92908
 2.93314	 100.5956	 4.90672
 2.94149	 99.20019	 4.812132
 2.94984	 97.83778	 4.748126
 2.9582	 96.50352	 4.714333
 2.96655	 94.90062	 4.655816
 2.9749	 93.63384	 4.63015
 2.98325	 92.58046	 4.58485
 2.9916	 91.32452	 4.515418
 2.99995	 90.12813	 4.456368
 3.00831	 88.48499	 4.37919
 3.01666	 87.71579	 4.312663
 3.02501	 86.50279	 4.244709
 3.03336	 85.33905	 4.204498
 3.04171	 84.24282	 4.162138
 3.05006	 82.84818	 4.114438
 3.05841	 82.3566	 4.113399
 3.06676	 81.36079	 4.058414
 3.07511	 79.92005	 4.021676
 3.08346	 79.13837	 3.984681
 3.09181	 77.7308	 3.952659
 3.10016	 76.91808	 3.925351
 3.10851	 76.22038	 3.933423
 3.11686	 75.15141	 3.937397
 3.12521	 74.30036	 3.897726
 3.13356	 73.02631	 3.887536
 3.14191	 71.97182	 3.824442
 3.15026	 71.76756	 3.823592
 3.15861	 70.73624	 3.77079
 3.16696	 69.66161	 3.731631
 3.1753	 68.98065	 3.707101
 3.18365	 68.32416	 3.704751
 3.192	 67.19583	 3.672199
 3.20035	 66.02907	 3.629424
 3.2087	 65.35332	 3.597656
 3.21704	 64.73541	 3.588359
 3.22539	 64.1563	 3.547641
 3.23374	 63.16668	 3.522265
 3.24209	 62.48753	 3.512225
 3.25043	 62.12018	 3.488878
 3.25878	 61.13403	 3.460315
 3.26713	 60.4932	 3.446816
 3.27547	 60.2267	 3.417834
 3.28382	 59.03825	 3.736699
 3.29217	 58.40841	 3.873497
 3.30051	 57.71008	 3.966045
 3.30886	 57.50064	 4.014591
 3.31721	 56.73132	 4.083067
 3.32555	 56.1386	 4.107791
 3.3339	 55.64251	 4.150285
 3.34224	 54.71069	 4.177356
 3.35059	 54.00638	 4.204674
 3.35893	 53.7707	 4.231622
 3.36728	 53.24923	 4.273533
 3.37562	 52.98897	 4.282377
 3.38397	 52.50943	 4.299518
 3.39231	 51.9477	 4.293977
 3.40066	 51.03156	 4.317345
 3.409	 50.73048	 4.330665
 3.41735	 50.13566	 4.342366
 3.42569	 49.75658	 4.362617
 3.43403	 49.12828	 4.067922
 3.44238	 48.74873	 3.960431
 3.45072	 48.38828	 3.878319
 3.45906	 47.78902	 3.795303
 3.46741	 47.40056	 3.754213
 3.47575	 46.89442	 3.705126
 3.48409	 46.38922	 3.646779
 3.49244	 46.17042	 3.599084
 3.50078	 45.58057	 3.555047
 3.50912	 45.09728	 3.512434
 3.51746	 44.72414	 3.462402
 3.52581	 44.15461	 3.451743
 3.53415	 44.15788	 3.417567
 3.54249	 43.5297	 3.361912
 3.55083	 42.96284	 3.341169
 3.55917	 42.41004	 3.322367
 3.56751	 42.19614	 3.275754
 3.57585	 41.83139	 3.27095
 3.5842	 41.51358	 3.251513
 3.59254	 41.13987	 3.233988
 3.60088	 40.75372	 3.213098
 3.60922	 40.48855	 3.201019
 3.61756	 40.01417	 3.15636
 3.6259	 39.68796	 3.137683
 3.63424	 39.68413	 3.101668
 3.64258	 39.1594	 3.099179
 3.65092	 38.25145	 3.039806
 3.65926	 37.81898	 3.029891
 3.66759	 38.05428	 3.106729
 3.67593	 37.57587	 3.26793
 3.68427	 36.98415	 3.333645
 3.69261	 36.59307	 3.398598
 3.70095	 36.52769	 3.438382
 3.70929	 36.18601	 3.460328
 3.71763	 35.3568	 3.483556
 3.72596	 35.39421	 3.494944
 3.7343	 34.97823	 3.50927
 3.74264	 34.76615	 3.528112
 3.75098	 34.46492	 3.539417
 3.75932	 34.12744	 3.544125
 3.76765	 34.13222	 3.581602
 3.77599	 33.87555	 3.596863
 3.78433	 33.43246	 3.618351
 3.79266	 33.81645	 3.624364
 3.801	 33.44084	 3.649719
 3.80934	 33.06905	 3.643202
 3.81767	 32.83345	 3.581582
 3.82601	 32.54967	 3.436088
 3.83434	 31.80252	 3.34273
 3.84268	 31.36147	 3.271849
 3.85101	 31.41798	 3.229301
 3.85935	 31.0481	 3.197113
 3.86768	 30.4864	 3.147301
 3.87602	 30.13034	 3.122394
 3.88435	 29.77023	 3.108067
 3.89269	 29.54423	 3.083782
 3.90102	 29.42123	 3.045575
 3.90936	 29.37724	 3.030558
 3.91769	 29.22155	 3.019617
 3.92603	 28.58786	 2.974099
 3.93436	 28.61337	 2.944685
 3.94269	 28.4212	 2.926149
 3.95103	 28.03636	 2.890008
 3.95936	 28.09882	 2.870675
 3.96769	 27.57471	 2.859732
 3.97602	 27.39904	 2.831161
 3.98436	 26.93777	 2.824319
 3.99269	 26.92381	 2.798777
 4.00102	 26.54657	 2.794479
 4.00935	 26.27747	 2.764186
 4.01769	 26.18127	 2.753548
 4.02602	 25.91081	 2.720615
 4.03435	 25.6554	 2.712786
 4.04268	 25.76595	 2.675938
 4.05101	 25.1979	 2.675009
 4.05934	 24.86932	 2.636166
 4.06767	 24.66842	 2.6275
 4.076	 24.41056	 2.613968
 4.08433	 24.78096	 2.617656
 4.09266	 24.45812	 2.581355
 4.10099	 24.01533	 2.572186
 4.10932	 23.67057	 2.538604
 4.11765	 23.79774	 2.53832
 4.12598	 23.48705	 2.51261
 4.13431	 23.56704	 2.529099
 4.14264	 23.31185	 2.525981
 4.15097	 22.84799	 2.490764
 4.1593	 22.88348	 2.507113
 4.16763	 22.56863	 2.50245
 4.17595	 22.26711	 2.472917
 4.18428	 21.77775	 2.455778
 4.19261	 21.91786	 2.458558
 4.20094	 21.86762	 2.441891
 4.20926	 21.53251	 2.437524
 4.21759	 21.34206	 2.439553
 4.22592	 21.21782	 2.421616
 4.23425	 20.80423	 2.417239
 4.24257	 21.13358	 2.414328
 4.2509	 20.92708	 2.407065
 4.25923	 20.78581	 2.410817
 4.26755	 20.36002	 2.381526
 4.27588	 20.3827	 2.385427
 4.2842	 20.29263	 2.378116
 4.29253	 20.21866	 2.369157
 4.30085	 20.04513	 2.355808
 4.30918	 19.82719	 2.354737
 4.3175	 19.54778	 2.337735
 4.32583	 19.44041	 2.331167
 4.33415	 19.19928	 2.32812
 4.34248	 19.41457	 2.317039
 4.3508	 19.15771	 2.305627
 4.35913	 18.79303	 2.271501
 4.36745	 18.58476	 2.269194
 4.37577	 18.60131	 2.253305
 4.3841	 18.6534	 2.248731
 4.39242	 18.39091	 2.232494
 4.40074	 18.23378	 2.239436
 4.40906	 18.40094	 2.233997
 4.41739	 17.97544	 2.220441
 4.42571	 17.81441	 2.234892
 4.43403	 17.55021	 2.209364
 4.44235	 17.53924	 2.198838
 4.45068	 17.32134	 2.185872
 4.459	 17.22242	 2.178295
 4.46732	 17.38958	 2.181361
 4.47564	 17.11725	 2.172457
 4.48396	 16.8105	 2.182522
 4.49228	 16.76157	 2.180608
 4.5006	 16.56324	 2.166645
 4.50892	 16.51467	 2.171065
 4.51724	 16.28523	 2.146738
 4.52556	 16.21042	 2.134799
 4.53388	 16.36248	 2.149528
 4.5422	 16.13611	 2.151352
 4.55052	 15.97423	 2.122527
 4.55884	 15.83921	 2.11738
 4.56716	 15.841	 2.126337
 4.57548	 15.79312	 2.118594
 4.58379	 15.29047	 2.091945
 4.59211	 15.31892	 2.10357
 4.60043	 15.58325	 2.0986
 4.60875	 15.19669	 2.103088
 4.61707	 15.17384	 2.072847
 4.62538	 15.10254	 2.089312
 4.6337	 15.03642	 2.091545
 4.64202	 14.75372	 2.071328
 4.65033	 14.67361	 2.057233
 4.65865	 14.52121	 2.063623
 4.66697	 14.39812	 2.042972
 4.67528	 14.44862	 2.051946
 4.6836	 14.26623	 2.048304
 4.69191	 14.17352	 2.03891
 4.70023	 14.2474	 2.035636
 4.70854	 14.12427	 2.033733
 4.71686	 13.72575	 2.035834
 4.72517	 13.64203	 2.028094
 4.73349	 13.70858	 2.031956
 4.7418	 13.65569	 2.008129
 4.75012	 13.49967	 2.011619
 4.75843	 13.34062	 1.994751
 4.76674	 13.26284	 1.998886
 4.77506	 13.48456	 2.00346
 4.78337	 13.25135	 1.975128
 4.79168	 13.16333	 1.989533
 4.8	 13.10026	 1.973633
 4.80831	 12.94398	 1.968159
 4.81662	 13.03984	 1.972297
 4.82493	 12.88828	 1.961685
 4.83325	 12.6247	 1.970269
 4.84156	 12.58154	 1.976415
 4.84987	 12.48658	 1.937313
 4.85818	 12.44713	 1.95572
 4.86649	 12.31799	 1.942975
 4.8748	 12.21632	 1.938595
 4.88311	 12.21494	 1.929836
 4.89142	 11.96052	 1.920998
 4.89973	 12.09169	 1.925995
 4.90804	 12.04667	 1.915682
 4.91635	 11.81423	 1.91614
 4.92466	 11.92376	 1.893271
 4.93297	 11.89995	 1.908875
 4.94128	 11.736	 1.896381
 4.94959	 11.53928	 1.885106
 4.9579	 11.57536	 1.877953
 4.9662	 11.6112	 1.889703
 4.97451	 11.55068	 1.884298
 4.98282	 11.37928	 1.88242
 4.99113	 11.26308	 1.879547
 4.99944	 11.20526	 1.886826
 5.00774	 10.94603	 1.876363
 5.01605	 11.24345	 1.868888
 5.02436	 11.2967	 1.870531
 5.03266	 11.20978	 1.858563
 5.04097	 10.97066	 1.857975
 5.04927	 11.05069	 1.971647
 5.05758	 10.91536	 2.010537
 5.06589	 10.71764	 2.041008
 5.07419	 10.60971	 2.081142
 5.0825	 10.91109	 2.099842
 5.0908	 10.88709	 2.124722
 5.09911	 10.70241	 2.131992
 5.10741	 10.47567	 2.139391
 5.11571	 10.35838	 2.158842
 5.12402	 10.47602	 2.171548
 5.13232	 10.31549	 2.183909
 5.14063	 10.29784	 2.193735
 5.14893	 10.30841	 2.212622
 5.15723	 10.10544	 2.212632
 5.16553	 10.00149	 2.218935
 5.17384	 10.04455	 2.239714
 5.18214	 10.02995	 2.246985
 5.19044	 10.09731	 2.256308
 5.19874	 9.960629	 2.163577
 5.20704	 9.882267	 2.125945
 5.21535	 9.835758	 2.111483
 5.22365	 9.775944	 2.077274
 5.23195	 9.848537	 2.058358
 5.24025	 9.456718	 2.035649
 5.24855	 9.524788	 2.03378
 5.25685	 9.74379	 2.036873
 5.26515	 9.435688	 2.001452
 5.27345	 9.208344	 2.000591
 5.28175	 9.494305	 1.988218
 5.29005	 9.587284	 1.987656
 5.29835	 9.434624	 1.979256
 5.30664	 9.379574	 1.978173
 5.31494	 9.398056	 1.971559
 5.32324	 9.235352	 1.950017
 5.33154	 9.196598	 1.938498
 5.33984	 9.213951	 1.933009
 5.34813	 9.187725	 1.925369
 5.35643	 9.105827	 1.916726
 5.36473	 9.130718	 1.906267
 5.37302	 9.31805	 1.91972
 5.38132	 9.028912	 1.899222
 5.38962	 8.756813	 1.886604
 5.39791	 9.098179	 1.886378
 5.40621	 8.893639	 1.885634
 5.4145	 8.775055	 1.878067
 5.4228	 8.696186	 1.87023
 5.43109	 8.755959	 1.899279
 5.43939	 8.782726	 1.971904
 5.44768	 8.658615	 2.003581
 5.45598	 8.546516	 2.031119
 5.46427	 8.734562	 2.066355
 5.47257	 8.434589	 2.070533
 5.48086	 8.322414	 2.072826
 5.48915	 8.5121	 2.105753
 5.49745	 8.538746	 2.128161
 5.50574	 8.461349	 2.136994
 5.51403	 8.288277	 2.137512
 5.52232	 8.278942	 2.149183
 5.53061	 8.257896	 2.162857
 5.53891	 8.13763	 2.16537
 5.5472	 8.250854	 2.180415
 5.55549	 8.170471	 2.188666
 5.56378	 8.162746	 2.200315
 5.57207	 8.024384	 2.198901
 5.58036	 8.005707	 2.173365
 5.58865	 8.084541	 2.118951
 5.59694	 8.080162	 2.077085
 5.60523	 7.902599	 2.04878
 5.61352	 8.022385	 2.045264
 5.62181	 7.965477	 2.03446
 5.6301	 7.890919	 2.002916
 5.63839	 8.000496	 2.000359
 5.64668	 7.813232	 1.988792
 5.65496	 7.859135	 1.978959
 5.66325	 7.98904	 1.973826
 5.67154	 7.784012	 1.966481
 5.67983	 7.906563	 1.945333
 5.68811	 7.795792	 1.9498
 5.6964	 7.628857	 1.925225
 5.70469	 7.749218	 1.931737
 5.71297	 7.644161	 1.920423
 5.72126	 7.338089	 1.909656
 5.72955	 7.323971	 1.902182
 5.73783	 7.532658	 1.897038
 5.74612	 7.69952	 1.903913
 5.7544	 7.504494	 1.89827
 5.76269	 7.504593	 1.882464
 5.77097	 7.575645	 1.883246
 5.77925	 7.340626	 1.866126
 5.78754	 7.351738	 1.865042
 5.79582	 7.405697	 1.856062
 5.80411	 7.453091	 1.859167
 5.81239	 7.446213	 1.853695
 5.82067	 7.329361	 1.867716
 5.82895	 7.366142	 1.845764
 5.83724	 7.407494	 1.84981
 5.84552	 7.150593	 1.831327
 5.8538	 7.125473	 1.835614
 5.86208	 7.343483	 1.836316
 5.87036	 7.320751	 1.835994
 5.87864	 7.245247	 1.825054
 5.88693	 7.04866	 1.873262
 5.89521	 6.84264	 1.907373
 5.90349	 6.974262	 1.936372
 5.91177	 7.180981	 1.960896
 5.92005	 7.318684	 1.982267
 5.92832	 7.185192	 1.992611
 5.9366	 7.060589	 1.999297
 5.94488	 7.184357	 2.028013
 5.95316	 6.918392	 2.014081
 5.96144	 6.994129	 2.04161
 5.96972	 7.069134	 2.043027
 5.978	 6.775028	 2.051161
 5.98627	 6.917023	 2.068012
 5.99455	 7.073715	 2.080246
 6.00283	 6.846355	 2.067914
 6.0111	 6.687515	 2.079239
 6.01938	 6.802734	 2.086324
 6.02766	 6.858356	 2.110914
 6.03593	 6.745152	 2.09762
 6.04421	 6.727177	 2.115193
 6.05248	 6.490501	 2.118242
 6.06076	 6.487331	 2.114039
 6.06903	 6.567425	 2.139387
 6.07731	 6.582699	 2.13111
 6.08558	 6.492092	 2.129149
 6.09386	 6.436008	 2.140025
 6.10213	 6.507938	 2.134198
 6.1104	 6.46629	 2.128875
 6.11868	 6.530704	 2.15165
 6.12695	 6.491951	 2.162581
 6.13522	 6.436264	 2.160987
 6.14349	 6.473236	 2.170328
 6.15177	 6.487778	 2.172552
 6.16004	 6.584829	 2.16747
 6.16831	 6.5875	 2.178902
 6.17658	 6.398872	 2.173449
 6.18485	 6.208282	 2.170265
 6.19312	 6.315292	 2.180297
 6.20139	 6.483244	 2.184885
 6.20966	 6.446136	 2.169914
 6.21793	 6.459427	 2.181472
 6.2262	 6.442844	 2.178133
 6.23447	 6.223129	 2.188722
 6.24274	 6.227314	 2.183867
 6.25101	 6.317852	 2.185382
 6.25928	 6.226398	 2.189407
 6.26754	 6.202202	 2.183118
 6.27581	 6.209383	 2.193761
 6.28408	 6.261106	 2.196881
 6.29235	 6.166561	 2.193606
 6.30061	 6.051025	 2.18924
 6.30888	 6.15699	 2.195176
 6.31715	 6.084839	 2.216316
 6.32541	 6.00247	 2.205541
 6.33368	 6.198729	 2.218047
 6.34194	 6.099089	 2.218
 6.35021	 6.190823	 2.206777
 6.35847	 5.989048	 2.208054
 6.36674	 5.972643	 2.218574
 6.375	 6.04212	 2.227798
 6.38327	 5.953308	 2.221676
 6.39153	 5.896669	 2.21896
 6.39979	 6.019444	 2.232743
 6.40806	 5.978634	 2.228708
 6.41632	 6.116171	 2.27644
 6.42458	 5.913353	 2.31511
 6.43284	 5.894688	 2.324613
 6.44111	 5.757677	 2.346045
 6.44937	 5.680424	 2.371394
 6.45763	 5.899677	 2.415212
 6.46589	 5.925074	 2.417933
 6.47415	 5.866856	 2.438751
 6.48241	 5.977365	 2.462461
 6.49067	 5.991411	 2.468801
 6.49893	 5.912043	 2.484288
 6.50719	 5.891705	 2.501771
 6.51545	 5.684954	 2.496396
 6.52371	 6.018606	 2.532244
 6.53197	 5.839706	 2.531677
 6.54023	 5.81617	 2.538062
 6.54849	 5.711983	 2.551944
 6.55674	 5.840324	 2.574545
 6.565	 5.835756	 2.584824
 6.57326	 5.62443	 2.57907
 6.58151	 5.725416	 2.588922
 6.58977	 5.724741	 2.6099
 6.59803	 5.724667	 2.619612
 6.60628	 5.696089	 2.608029
 6.61454	 5.751421	 2.613489
 6.6228	 5.65476	 2.607754
 6.63105	 5.636339	 2.632351
 6.63931	 5.761539	 2.644841
 6.64756	 5.676157	 2.640399
 6.65581	 5.533171	 2.65052
 6.66407	 5.542343	 2.655842
 6.67232	 5.443401	 2.662507
 6.68057	 5.678442	 2.679698
 6.68883	 5.735422	 2.702254
 6.69708	 5.70085	 2.69237
 6.70533	 5.380938	 2.673456
 6.71358	 5.506924	 2.683589
 6.72184	 5.597069	 2.705945
 6.73009	 5.604843	 2.710897
 6.73834	 5.388296	 2.69956
 6.74659	 5.519609	 2.713234
 6.75484	 5.49131	 2.712458
 6.76309	 5.430073	 2.708685
 6.77134	 5.463011	 2.721862
 6.77959	 5.538389	 2.720225
 6.78784	 5.640285	 2.741161
 6.79609	 5.570406	 2.725424
 6.80434	 5.500664	 2.81426
 6.81259	 5.023035	 2.827487
 6.82083	 5.207411	 2.873992
 6.82908	 5.43298	 2.912323
 6.83733	 5.441664	 2.940977
 6.84558	 5.486105	 2.955859
 6.85382	 5.408091	 2.99366
 6.86207	 5.415155	 3.007668
 6.87032	 5.050442	 3.009709
 6.87856	 5.296719	 3.031847
 6.88681	 5.472015	 3.056078
 6.89505	 5.306932	 3.068678
 6.9033	 5.082939	 3.075367
 6.91154	 5.165365	 3.089903
 6.91979	 5.234104	 3.121501
 6.92803	 5.331867	 3.119968
 6.93628	 5.135981	 3.137609
 6.94452	 5.161243	 3.148386
 6.95276	 5.223246	 3.169877
 6.96101	 5.064014	 3.181034
 6.96925	 5.15522	 3.196016
 6.97749	 5.179829	 3.195214
 6.98573	 4.936226	 3.21474
 6.99397	 5.151825	 3.237775
 7.00221	 5.184792	 3.252406
 7.01046	 5.157698	 3.250494
 7.0187	 4.990608	 3.254348
 7.02694	 5.095795	 3.269587
 7.03518	 5.153305	 3.284806
 7.04342	 5.053555	 3.290881
 7.05166	 5.208406	 3.301842
 7.05989	 5.190151	 3.326013
 7.06813	 5.071083	 3.339099
 7.07637	 5.053883	 3.327244
 7.08461	 5.320843	 3.366333
 7.09285	 5.222847	 3.376336
 7.10108	 5.046059	 3.370616
 7.10932	 4.97872	 3.387471
 7.11756	 4.939093	 3.402256
 7.12579	 4.749847	 3.401181
 7.13403	 4.750933	 3.400289
 7.14227	 4.955894	 3.422752
 7.1505	 4.766115	 3.431854
 7.15874	 4.791676	 3.455608
 7.16697	 4.87768	 3.458428
 7.17521	 4.87826	 3.483408
 7.18344	 4.917929	 3.503191
 7.19168	 5.089808	 3.595972
 7.19991	 5.187773	 3.663195
 7.20814	 4.583673	 3.66617
 7.21637	 4.717785	 3.699752
 7.22461	 4.892448	 3.741229
 7.23284	 4.875772	 3.776272
 7.24107	 4.983795	 3.805348
 7.2493	 4.807169	 3.818031
 7.25753	 4.928871	 3.863858
 7.26577	 5.1199	 3.898261
 7.274	 5.203894	 3.939596
 7.28223	 4.884348	 3.947518
 7.29046	 4.590548	 3.957579
 7.29869	 4.627499	 3.969409
 7.30691	 4.616615	 4.01762
 7.31514	 4.373882	 4.039197
 7.32337	 4.426378	 4.053648
 7.3316	 4.500889	 4.060791
 7.33983	 4.440014	 4.063233
 7.34806	 3.84684	 3.95517
 7.35628	 3.332304	 3.735048
 7.36451	 2.461489	 3.527265
 7.37274	 2.528822	 3.340342
 7.38096	 2.596508	 3.171304
 7.38919	 2.815948	 3.039958
 7.39742	 2.633162	 2.862356
 7.40564	 2.594409	 2.74751
 7.41387	 2.423367	 2.62928
 7.42209	 2.408857	 2.512018
 7.43031	 2.087269	 2.362193
 7.43854	 1.853912	 2.137336
 7.44676	 1.353728	 1.799307
 7.45499	 1.225948	 1.510762
 7.46321	 1.276718	 1.27296
 7.47143	 1.352453	 1.045907
 7.47965	 1.364918	 .8577703
 7.48787	 1.401605	 .6869214
 7.4961	 1.495705	 .5625718
 7.50432	 1.529108	 .5047137
 7.51254	 1.512304	 .4963941
 7.52076	 1.449991	 .4956109
 7.52898	 1.48176	 .4922803
 7.5372	 1.51084	 .4983594
 7.54542	 1.495957	 .5035654
 7.55364	 1.522514	 .5054691
 7.56186	 1.533551	 .4987562
 7.57008	 1.473649	 .4950498
 7.57829	 1.536435	 .5047323
 7.58651	 1.499527	 .5017292
 7.59473	 1.471514	 .5035012
 7.60295	 1.454278	 .4995529
 7.61116	 1.484302	 .5001816
 7.61938	 1.449726	 .496955
 7.6276	 1.37709	 .4918027
 7.63581	 1.453698	 .500064
 7.64403	 1.480797	 .5012167
 7.65224	 1.493567	 .5118695
 7.66046	 1.478781	 .5176191
 7.66867	 1.372519	 .501711
 7.67689	 1.396482	 .4944783
 7.6851	 1.462916	 .5083823
 7.69331	 1.466835	 .5166318
 7.70153	 1.393942	 .5058228
 7.70974	 1.364172	 .5024341
 7.71795	 1.409531	 .5029169
 7.72616	 1.34135	 .4939869
 7.73438	 1.344224	 .4986833
 7.74259	 1.326632	 .4974725
 7.7508	 1.337062	 .4954959
 7.75901	 1.391602	 .517251
 7.76722	 1.405481	 .5129503
 7.77543	 1.369897	 .501088
 7.78364	 1.303081	 .5020401
 7.79185	 1.365225	 .5071459
 7.80006	 1.407138	 .5163628
 7.80826	 1.323933	 .5029076
 7.81647	 1.320081	 .5053846
 7.82468	 1.355688	 .504405
 7.83289	 1.415835	 .5192958
 7.84109	 1.360095	 .5131411
 7.8493	 1.310666	 .5102052
 7.85751	 1.380587	 .5110749
 7.86571	 1.31531	 .5112743
 7.87392	 1.310824	 .5168274
 7.88212	 1.313682	 .5135445
 7.89033	 1.363422	 .5207757
 7.89853	 1.359044	 .5212942
 7.90674	 1.3763	 .5228679
 7.91494	 1.275795	 .5092137
 7.92315	 1.292377	 .51834
 7.93135	 1.293107	 .513697
 7.93955	 1.265699	 .505496
 7.94775	 1.327868	 .5189559
 7.95596	 1.391696	 .5287636
 7.96416	 1.288771	 .5143825
 7.97236	 1.307089	 .5190089
 7.98056	 1.358909	 .5251538
 7.98876	 1.33533	 .5233857
 7.99696	 1.224592	 .5068506
 8.00516	 1.252721	 .5171941
 8.01336	 1.252648	 .5127209
 8.02156	 1.272368	 .5249019
 8.02976	 1.326343	 .5299441
 8.03796	 1.206558	 .5066393
 8.04616	 1.253735	 .5121201
 8.05435	 1.234155	 .5132922
 8.06255	 1.246458	 .5229996
 8.07075	 1.27822	 .5196374
 8.07895	 1.236275	 .5069904
 8.08714	 1.27514	 .5274938
 8.09534	 1.286359	 .5306371
 8.10353	 1.1869	 .4984934
 8.11173	 1.262154	 .5249961
 8.11992	 1.17612	 .5180474
 8.12812	 1.176188	 .5120314
 8.13631	 1.236779	 .522214
 8.14451	 1.249374	 .5265001
 8.1527	 1.26687	 .5224354
 8.16089	 1.150781	 .507699
 8.16909	 1.301773	 .5491959
 8.17728	 1.308568	 .5541545
 8.18547	 1.260012	 .5524662
 8.19366	 1.303007	 .5449315
 8.20185	 1.233398	 .5264462
 8.21004	 1.286019	 .5407342
 8.21824	 1.247735	 .5304804
 8.22643	 1.259668	 .5379692
 8.23462	 1.333569	 .5513824
 8.2428	 1.241942	 .5389553
 8.25099	 1.223544	 .538543
 8.25918	 1.325401	 .5625633
 8.26737	 1.335228	 .5587587
 8.27556	 1.394868	 .5705593
 8.28375	 1.313751	 .5723901
 8.29193	 1.272431	 .5586876
 8.30012	 1.248611	 .559155
 8.30831	 1.129899	 .5352913
 8.31649	 1.153505	 .5351906
 8.32468	 1.15371	 .5435745
 8.33286	 1.22116	 .5515555
 8.34105	 1.220437	 .5491396
 8.34923	 1.171857	 .5430424
 8.35742	 1.192798	 .5495661
 8.3656	 1.061649	 .5297673
 8.37379	 1.049417	 .5267404
 8.38197	 1.189535	 .5462602
 8.39015	 1.181634	 .556553
 8.39833	 1.064117	 .528487
 8.40652	 1.130733	 .5410538
 8.4147	 1.050323	 .5236052
 8.42288	 1.066225	 .5316008
 8.43106	 1.12976	 .5484069
 8.43924	 1.113629	 .5509943
 8.44742	 1.034998	 .5279127
 8.4556	 1.069045	 .5485181
 8.46378	 1.089034	 .5398656
 8.47196	 1.170951	 .5666466
 8.48014	 1.073507	 .5411047
 8.48831	 1.084344	 .5432781
 8.49649	 1.149724	 .5563514
 8.50467	 1.041735	 .5373585
 8.51285	 1.075892	 .5563003
 8.52102	 1.072132	 .5541817
 8.5292	 1.064918	 .5508109
 8.53737	 .9812289	 .5360678
 8.54555	 1.146291	 .5773894
 8.55373	 1.161502	 .5908852
 8.5619	 1.060498	 .5530924
 8.57008	 1.039607	 .5538222
 8.57825	 1.124043	 .5835384
 8.58642	 1.10344	 .5815424
 8.5946	 1.103477	 .573792
 8.60277	 1.037451	 .5729337
 8.61094	 1.123819	 .5852064
 8.61911	 1.117776	 .5870075
 8.62729	 1.124328	 .5978572
 8.63546	 1.124618	 .6113046
 8.64363	 .9661913	 .5624031
 8.6518	 .8776761	 .5468057
 8.65997	 .9220897	 .5632114
 8.66814	 .9919713	 .5847498
 8.67631	 .993062	 .565549
 8.68448	 .9104762	 .5631509
 8.69264	 1.023045	 .5991884
 8.70081	 1.044455	 .591654
 8.70898	 .9763043	 .5853752
 8.71715	 .9353124	 .5875151
 8.72532	 1.035092	 .6140357
 8.73348	 1.065349	 .6323403
 8.74165	 1.049721	 .6260783
 8.74981	 1.018464	 .630196
 8.75798	 1.06717	 .6299804
 8.76614	 .9596829	 .6245943
 8.77431	 .9363509	 .6225688
 8.78247	 1.075219	 .6499996
 8.79064	 .8913385	 .6075282
 8.7988	 .9691794	 .6390322
 8.80696	 .9665554	 .6398872
 8.81513	 .985451	 .6365555
 8.82329	 .885908	 .6241095
 8.83145	 .8482481	 .6078955
 8.83961	 1.011072	 .6713113
 8.84777	 .9731011	 .6622301
 8.85593	 .980512	 .6660644
 8.86409	 1.021011	 .7111164
 8.87225	 .9423559	 .6654513
 8.88041	 .9857416	 .6850067
 8.88857	 .9325517	 .6867057
 8.89673	 .9981045	 .696637
 8.90489	 .9902047	 .6924075
 8.91305	 1.006657	 .7403688
 8.92121	 .9597809	 .705065
 8.92936	 .9325166	 .6941923
 8.93752	 .8993974	 .7065158
 8.94568	 .873293	 .6774846
 8.95383	 .9443759	 .7107157
 8.96199	 1.022469	 .757281
 8.97014	 .8220282	 .6894797
 8.9783	 .9359058	 .7390215
 8.98645	 .9130619	 .7480589
 8.99461	 .821852	 .7492477
 9.00276	 .8437591	 .8040716
 9.01091	 .8317725	 .7596487
 9.01907	 1.066238	 .8293334
 9.02722	 .9947888	 .8050413
 9.03537	 1.069101	 .869331
 9.04352	 .9795447	 .827072
 9.05167	 .8159032	 .7558734
 9.05982	 1.020597	 .8681666
 9.06798	 .9939528	 .8580497
 9.07613	 .7818937	 .8100788
 9.08428	 .7907463	 .7916659
 9.09242	 .8412508	 .8661688
 9.10057	 .8285251	 .8493425
 9.10872	 .9301267	 .9250875
 9.11687	 .9404458	 .9309307
 9.12502	 .8779816	 .8741432
 9.13316	 .8179058	 .937507
 9.14131	 .8667138	 .9007186
 9.14946	 .8495016	 .8993109
 9.1576	 .9403315	 .9343251
 9.16575	 .8150528	 .8795937
 9.17389	 .8297369	 .9682409
 9.18204	 .8312216	 .9915794
 9.19018	 1.026411	 1.06662
 9.19833	 .8976392	 1.003092
 9.20647	 .9503679	 1.066738
 9.21461	 .7734504	 1.0008
 9.22276	 .7088389	 1.012772
 9.2309	 .8537833	 1.154405
 9.23904	 .9785646	 1.255882
 9.24718	 .8377006	 1.189564
 9.25532	 .8945621	 1.293819
 9.26346	 .856699	 1.220233
 9.2716	 .8142763	 1.187278
 9.27974	 .8300805	 1.247603
 9.28788	 .5816123	 1.085917
 9.29602	 .4871889	 1.060375
 9.30416	 .9145097	 1.350183
 9.3123	 1.00396	 1.516323
 9.32044	 1.009565	 1.447824
 9.32857	 1.174259	 1.647708
 9.33671	 .8704865	 1.514075
 9.34485	 .8444899	 1.421446
 9.35298	 .8470068	 1.53915
 9.36112	 .7927167	 1.471
 9.36925	 .5674055	 1.152447
 9.37739	 .7090822	 1.32755
 9.38552	 .8909338	 1.69415
 9.39366	 .9366009	 1.972859
 9.40179	 .6959049	 1.517053
 9.40992	 .6821758	 1.454324
 9.41806	 .8704354	 1.786504
 9.42619	 .8839311	 2.009681
 9.43432	 .2302876	 1.174644
 9.44245	 .9106643	 2.031871
 9.45058	 1.132598	 2.410307
 9.45871	 .7290958	 1.976567
 9.46684	 .7411423	 2.037875
 9.47497	 1.000826	 2.088973
 9.4831	 .777373	 2.064221
 9.49123	 1.143176	 2.738023
 9.49936	 .9675698	 2.707786
 9.50749	 .2123089	 1.99173
 9.51562	 .7427168	 2.565286
 9.52374	 .6557468	 2.949535
 9.53187	 .7934434	 2.991026
 9.54	 .6499552	 3.772814
 9.54812	 .9477967	 5.123322
 9.55625	 .6311007	 3.001022
 9.56437	 1.359486	 9.059801
 9.5725	 1.425899	 12.54647
 9.58062	 0	 0
 9.58875	 0	 0
 9.59687	 0	 0
 9.60499	 0	 0
 9.61312	 0	 0
 9.62124	 0	 0
 9.62936	 0	 0
 9.63748	 0	 0
 9.6456	 0	 0
 9.65372	 0	 0
 9.66184	 0	 0
 9.66996	 0	 0
 9.67808	 0	 0
 9.6862	 0	 0
 9.69432	 0	 0
 9.70244	 0	 0
 9.71056	 0	 0
 9.71867	 0	 0
 9.72679	 0	 0
 9.73491	 0	 0
 9.74302	 0	 0
 9.75114	 0	 0
 9.75925	 0	 0
 9.76737	 0	 0
 9.77548	 0	 0
 9.78359	 0	 0
 9.79171	 0	 0
 9.79982	 0	 0
 9.80793	 0	 0
 9.81604	 0	 0
 9.82416	 0	 0
 9.83227	 0	 0
 9.84038	 0	 0
 9.84849	 0	 0
 9.8566	 0	 0
 9.86471	 0	 0
 9.87282	 0	 0
 9.88092	 0	 0
 9.88903	 0	 0
 9.89714	 0	 0
 9.90525	 0	 0
 9.91335	 0	 0
 9.92146	 0	 0
 9.92957	 0	 0
 9.93767	 0	 0
