fitX0 dataMean dataStd fitMeasValMean fitMeasValStd
  3.057400E+08   4.968454E+04   4.968454E+02   4.748378E+04   1.358250E+02
  3.141100E+08   4.549124E+04   4.549124E+02   4.433099E+04   1.075507E+02
  3.224900E+08   4.178869E+04   4.178869E+02   4.135864E+04   8.328146E+01
  3.308600E+08   3.848690E+04   3.848690E+02   3.857273E+04   6.306524E+01
  3.434300E+08   3.425161E+04   1.308125E+03   3.472688E+04   4.062105E+01
  3.559900E+08   3.062182E+04   3.062182E+02   3.127792E+04   2.897036E+01
  3.643700E+08   2.855475E+04   2.855475E+02   2.918735E+04   2.725798E+01
  3.727400E+08   2.668316E+04   2.668316E+02   2.726043E+04   2.865221E+01
  3.811200E+08   2.500819E+04   2.500819E+02   2.548571E+04   3.122438E+01
  3.895000E+08   2.350980E+04   2.350980E+02   2.385817E+04   3.382955E+01
  3.978700E+08   2.213546E+04   2.213546E+02   2.237164E+04   3.600322E+01
  4.104350E+08   2.032252E+04   5.648000E+02   2.038301E+04   3.826079E+01
  4.230000E+08   1.872513E+04   1.872513E+02   1.866062E+04   3.949483E+01
  4.313800E+08   1.779309E+04   1.779309E+02   1.764562E+04   3.991954E+01
  4.439400E+08   1.653917E+04   3.972150E+02   1.630346E+04   4.018581E+01
  4.565000E+08   1.541374E+04   1.541374E+02   1.515140E+04   4.017375E+01
  4.648800E+08   1.475640E+04   1.475640E+02   1.447521E+04   4.004474E+01
  4.774400E+08   1.386679E+04   2.829000E+02   1.358158E+04   3.964446E+01
  4.900100E+08   1.305170E+04   1.305170E+02   1.281035E+04   3.891586E+01
  5.025700E+08   1.232888E+04   2.236350E+02   1.214140E+04   3.776463E+01
  5.193200E+08   1.149046E+04   1.951800E+02   1.137510E+04   3.547213E+01
  5.318800E+08   1.092573E+04   1.092573E+02   1.087416E+04   3.319541E+01
  5.444500E+08   1.042978E+04   1.611600E+02   1.042129E+04   3.052940E+01
  5.612000E+08   9.817629E+03   1.445600E+02   9.875139E+03   2.664867E+01
  5.737600E+08   9.397347E+03   9.397347E+01   9.498119E+03   2.377698E+01
  5.863250E+08   9.022930E+03   1.218275E+02   9.142256E+03   2.122474E+01
  6.030750E+08   8.558017E+03   1.094630E+02   8.694196E+03   1.874472E+01
  6.198250E+08   8.142736E+03   1.029185E+02   8.271120E+03   1.758270E+01
  6.365800E+08   7.764644E+03   9.189800E+01   7.870423E+03   1.749735E+01
  6.533300E+08   7.418093E+03   8.043650E+01   7.492087E+03   1.785456E+01
  6.700800E+08   7.094666E+03   7.710200E+01   7.136980E+03   1.804995E+01
  6.868300E+08   6.803117E+03   7.242350E+01   6.806509E+03   1.772956E+01
  7.035800E+08   6.530466E+03   6.745650E+01   6.501864E+03   1.679526E+01
  7.203300E+08   6.277294E+03   6.277578E+01   6.223582E+03   1.535085E+01
  7.412667E+08   5.979216E+03   6.660902E+01   5.912168E+03   1.323101E+01
  7.622050E+08   5.708710E+03   5.708956E+01   5.638472E+03   1.144261E+01
  7.789550E+08   5.504473E+03   5.504695E+01   5.443483E+03   1.071058E+01
  7.998867E+08   5.265560E+03   5.400771E+01   5.224553E+03   1.077998E+01
  8.208250E+08   5.041526E+03   5.041694E+01   5.026665E+03   1.142766E+01
  8.417633E+08   4.834508E+03   4.834965E+01   4.843184E+03   1.197057E+01
  8.668833E+08   4.599642E+03   4.600037E+01   4.633936E+03   1.193429E+01
  8.878200E+08   4.417320E+03   4.417465E+01   4.463601E+03   1.123917E+01
  9.087567E+08   4.244381E+03   4.244740E+01   4.294340E+03   1.008343E+01
  9.338767E+08   4.046020E+03   4.046357E+01   4.091828E+03   8.455449E+00
  9.590000E+08   3.860520E+03   3.860825E+01   3.891416E+03   7.044497E+00
  9.841200E+08   3.686559E+03   3.686848E+01   3.696515E+03   6.222546E+00
  1.009243E+09   3.519802E+03   3.520075E+01   3.511065E+03   6.021737E+00
  1.034363E+09   3.362947E+03   3.363196E+01   3.338577E+03   6.227291E+00
  1.063670E+09   3.191319E+03   3.191786E+01   3.156393E+03   6.754572E+00
  1.092977E+09   3.025642E+03   3.025871E+01   2.994885E+03   7.473282E+00
  1.118093E+09   2.894772E+03   2.894995E+01   2.870877E+03   8.118410E+00
  1.147400E+09   2.748004E+03   2.748382E+01   2.738814E+03   8.705146E+00
  1.176703E+09   2.609351E+03   2.609553E+01   2.615235E+03   8.957428E+00
  1.206008E+09   2.478784E+03   2.479137E+01   2.495428E+03   8.857073E+00
  1.239495E+09   2.336290E+03   2.336614E+01   2.359436E+03   8.437155E+00
  1.272985E+09   2.204433E+03   2.204712E+01   2.223562E+03   7.815318E+00
  1.306472E+09   2.080144E+03   2.080414E+01   2.089915E+03   6.961619E+00
  1.339955E+09   1.962251E+03   1.962518E+01   1.962161E+03   5.790124E+00
  1.373445E+09   1.851306E+03   1.851535E+01   1.843688E+03   4.440702E+00
  1.411110E+09   1.734339E+03   1.793178E+01   1.723748E+03   3.483715E+00
  1.448782E+09   1.625259E+03   1.625474E+01   1.617155E+03   3.868926E+00
  1.486450E+09   1.522554E+03   1.612349E+01   1.520604E+03   4.639447E+00
  1.524115E+09   1.426496E+03   1.426673E+01   1.429879E+03   4.833115E+00
  1.561780E+09   1.336061E+03   1.392410E+01   1.341799E+03   4.385552E+00
  1.603622E+09   1.241917E+03   1.297332E+01   1.245866E+03   3.814828E+00
  1.645470E+09   1.154598E+03   1.250188E+01   1.153421E+03   3.932501E+00
  1.687312E+09   1.070995E+03   1.156879E+01   1.067297E+03   4.384140E+00
  1.733338E+09   9.875011E+02   1.111709E+01   9.821639E+02   4.381157E+00
  1.779362E+09   9.083689E+02   9.576896E+00   9.067778E+02   3.636654E+00
  1.825382E+09   8.364443E+02   9.504475E+00   8.382894E+02   2.660600E+00
  1.871400E+09   7.687529E+02   8.033257E+00   7.733845E+02   2.413294E+00
  1.917417E+09   7.074558E+02   8.173532E+00   7.104062E+02   2.846890E+00
  1.967612E+09   6.450940E+02   7.493801E+00   6.446849E+02   2.967097E+00
  2.021987E+09   5.824584E+02   7.756734E+00   5.797271E+02   2.291488E+00
  2.076358E+09   5.256538E+02   6.675215E+00   5.230409E+02   1.428901E+00
  2.126542E+09   4.776571E+02   5.892019E+00   4.770546E+02   1.389269E+00
  2.180906E+09   4.294317E+02   5.758343E+00   4.312725E+02   1.623815E+00
  2.239446E+09   3.824676E+02   5.205743E+00   3.842800E+02   1.559887E+00
  2.297979E+09   3.403558E+02   4.661692E+00   3.400516E+02   1.402741E+00
  2.356510E+09   3.030726E+02   4.133881E+00   3.007947E+02   1.276348E+00
  2.419210E+09   2.665580E+02   4.021867E+00   2.655428E+02   1.212419E+00
  2.481910E+09   2.349009E+02   3.173754E+00   2.358138E+02   1.242444E+00
  2.544604E+09   2.072802E+02   2.960976E+00   2.089922E+02   1.155175E+00
  2.611468E+09   1.818547E+02   2.609314E+00   1.824925E+02   8.246860E-01
  2.678324E+09   1.593867E+02   2.239079E+00   1.592579E+02   4.986492E-01
  2.749350E+09   1.394640E+02   2.044744E+00   1.391432E+02   7.353063E-01
  2.824543E+09   1.214435E+02   1.706226E+00   1.217926E+02   8.281099E-01
  2.899727E+09   1.061326E+02   1.396819E+00   1.066373E+02   5.074574E-01
  2.974899E+09   9.384378E+01   1.198052E+00   9.349442E+01   3.267126E-01
  3.050060E+09   8.326938E+01   9.746308E-01   8.290422E+01   4.190515E-01
  3.129385E+09   7.374846E+01   8.670929E-01   7.383764E+01   3.769074E-01
  3.212869E+09   6.525491E+01   7.527731E-01   6.537729E+01   2.839814E-01
  3.296340E+09   5.830237E+01   5.990027E-01   5.812988E+01   2.688310E-01
  3.379795E+09   5.250808E+01   5.252784E-01   5.255020E+01   2.212801E-01
  3.467406E+09   4.739485E+01   4.741680E-01   4.760092E+01   1.833911E-01
  3.559172E+09   4.267036E+01   4.268932E-01   4.256554E+01   1.684488E-01
  3.650916E+09   3.857382E+01   3.925181E-01   3.836053E+01   1.152804E-01
  3.746808E+09   3.475484E+01   3.476717E-01   3.497031E+01   1.449673E-01
  3.842677E+09   3.162819E+01   3.710554E-01   3.157634E+01   1.315451E-01
  3.942692E+09   2.831978E+01   2.833364E-01   2.829782E+01   1.232425E-01